0 0.6125 0.6284724265625 0.615234375 0.63611029375 0.619921875 0.63611029375 0.635546875 0.656944853125 0.647265625 0.66388970625 0.651171875 0.66111029375 0.711328125 0.718055146875 0.758984375 0.7527775734375 0.769140625 0.7652775734375 0.795703125 0.7833327203125 0.800390625 0.7916672796875 0.829296875 0.8083327203125 0.855078125 0.8333327203125 0.866015625 0.83611029375 0.871484375 0.844444853125 0.920703125 0.8777775734375 0.926171875 0.8875 0.937890625 0.8916672796875 1 0.94375 0.999609375 0.875 0.757421875 0.7208327203125 0.727734375 0.6972224265625 0.662890625 0.6597224265625 0.641015625 0.6402775734375 0.619921875 0.6333327203125 0.616015625 0.625 0.6125 0.6284724265625
0 0 0.9965275734375 0.003515625 0.99861029375 0.89765625 0.9979172796875 0.896875 0.97986029375 0.887109375 0.96111029375 0.797265625 0.8791672796875 0.774609375 0.85 0.757421875 0.8375 0.720703125 0.793055146875 0.687109375 0.76111029375 0.646484375 0.7097224265625 0.629296875 0.69861029375 0.616015625 0.6791672796875 0.576953125 0.643055146875 0.54375 0.6034724265625 0.566015625 0.5972224265625 0.575390625 0.6027775734375 0.573046875 0.5847224265625 0.536328125 0.5597224265625 0.483203125 0.5402775734375 0.474609375 0.5402775734375 0.462890625 0.5666672796875 0.455859375 0.569444853125 0.45078125 0.5590275734375 0.4515625 0.5520827203125 0.444140625 0.54861029375 0.432421875 0.5708327203125 0.397265625 0.5666672796875 0.392578125 0.57361029375 0.371484375 0.581944853125 0.36796875 0.6034724265625 0.362890625 0.6097224265625 0.356640625 0.6083327203125 0.352734375 0.594444853125 0.345703125 0.594444853125 0.339453125 0.6222224265625 0.320703125 0.62638970625 0.314453125 0.6166672796875 0.294140625 0.6222224265625 0.251953125 0.65 0.237109375 0.64861029375 0.240234375 0.656944853125 0.204296875 0.67638970625 0.200390625 0.668055146875 0.196484375 0.669444853125 0.19921875 0.6770827203125 0.194140625 0.6847224265625 0.175390625 0.6916672796875 0.173046875 0.69861029375 0.147265625 0.7125 0.130859375 0.7152775734375 0.120703125 0.72638970625 0.1 0.7318731625 0.075390625 0.74861029375 0.072265625 0.7541672796875 0.030078125 0.7722224265625 0.029296875 0.76388970625 0.036328125 0.76388970625 0.04453125 0.7534724265625 0.031640625 0.7541672796875 0.027734375 0.7625 0.026171875 0.7583327203125 0.019921875 0.7597224265625 0.012890625 0.77361029375 0.007421875 0.7708327203125 0 0.775694853125 0.001953125 0.78611029375 0.011328125 0.775 0.019921875 0.7708327203125 0.025 0.774305146875 0.021484375 0.781944853125 0.003515625 0.7902775734375 0 0.7965275734375 0 0.9965275734375
0 0.310546875 0.618055146875 0.32109375 0.60625 0.317578125 0.6027775734375 0.298046875 0.6125 0.003515625 0.7652775734375 0 0.76875 0.00078125 0.79236029375 0.310546875 0.618055146875
0 1 0.95625 0.996484375 0.94861029375 0.983984375 0.943055146875 0.945703125 0.905555146875 0.745703125 0.74861029375 0.566796875 0.6 0.54453125 0.600694853125 0.547265625 0.6083327203125 0.613671875 0.675 0.631640625 0.69861029375 0.649609375 0.71111029375 0.709765625 0.781944853125 0.830859375 0.9 0.919140625 0.994444853125 0.929296875 1 1 0.999305146875 1 0.95625
0 1 0.9534724265625 0.992578125 0.9416672796875 0.769140625 0.7666672796875 0.5656083328125 0.5894485296875 0.54453125 0.600694853125 0.548828125 0.61111029375 0.612890625 0.675 0.628515625 0.6958327203125 0.652734375 0.7152775734375 0.695703125 0.768055146875 0.775390625 0.84861029375 0.7661770828125001 0.9055606624999999 0.834553125 0.9727205874999999 0.894140625 0.9666672796875 0.8938124999999999 1 0.9244187500000001 1 0.930859375 1 1 0.999305146875 1 0.9534724265625
0 0.78203125 0.861805146875 0.78359375 0.8534724265625 0.764453125 0.8291672796875 0.737890625 0.8041672796875 0.73046875 0.8020827203125 0.744140625 0.825 0.771484375 0.85 0.772265625 0.8597224265625 0.78203125 0.861805146875
0 0.757421875 0.744444853125 0.762109375 0.7472224265625 0.7625 0.7395827203125 0.749609375 0.72361029375 0.73671875 0.725694853125 0.737890625 0.7402775734375 0.7546875 0.7520827203125 0.757421875 0.744444853125
0 0.8828125 0.836805146875 0.89140625 0.84375 0.890234375 0.8347224265625 0.8828125 0.836805146875
0 0.926171875 0.8847224265625 0.910546875 0.8708327203125 0.899609375 0.8666672796875 0.885546875 0.85 0.87734375 0.849305146875 0.913671875 0.88611029375 0.92890625 0.89236029375 0.926171875 0.8847224265625
0 0.928125 0.89236029375 0.945703125 0.9125 0.98515625 0.94236029375 0.987890625 0.9347224265625 0.966015625 0.91388970625 0.928125 0.89236029375
0 0.959375 0.913194853125 0.958984375 0.9208327203125 1 0.95763970625 0.998046875 0.9416672796875 0.969140625 0.9152775734375 0.959375 0.913194853125
0 0.965625 0.92013970625 0.973828125 0.9347224265625 1 0.9604172796875 0.998828125 0.943055146875 0.973046875 0.919444853125 0.965625 0.92013970625
0 0.9625 0.92986029375 0.96796875 0.9270827203125 0.964453125 0.91388970625 0.921875 0.886805146875 0.944921875 0.91388970625 0.953515625 0.9208327203125 0.962890625 0.9208327203125 0.96015625 0.924305146875 0.9625 0.92986029375
0 0.859375 0.836805146875 0.886328125 0.86388970625 0.896875 0.86736029375 0.886328125 0.85138970625 0.863671875 0.8347224265625 0.859375 0.836805146875
0 0.83203125 0.7784724265625 0.840625 0.774305146875 0.831640625 0.7666672796875 0.82890625 0.775694853125 0.83203125 0.7784724265625
0 0.826953125 0.8027775734375 0.831640625 0.805555146875 0.83671875 0.79513970625 0.823046875 0.7722224265625 0.803515625 0.7722224265625 0.7921875 0.78125 0.825 0.8090275734375 0.826953125 0.8027775734375
0 0.757421875 0.7583327203125 0.7578125 0.7645827203125 0.7625 0.7604172796875 0.757421875 0.7583327203125
0 0.744140625 0.743055146875 0.749609375 0.7541672796875 0.75390625 0.7534724265625 0.744921875 0.73888970625 0.73671875 0.7395827203125 0.744140625 0.743055146875
0 0.81875 0.80763970625 0.826171875 0.8375 0.8375 0.838194853125 0.8484375 0.82986029375 0.832421875 0.81388970625 0.81875 0.80763970625
0 0.930859375 0.844444853125 0.910546875 0.8416672796875 0.89921875 0.850694853125 0.90390625 0.8590275734375 0.898046875 0.86111029375 0.898046875 0.8666672796875 0.919140625 0.8833327203125 0.924609375 0.893055146875 0.94296875 0.9020827203125 0.9453125 0.900694853125 0.936328125 0.8972224265625 0.93125 0.886805146875 0.93984375 0.8784724265625 0.9328125 0.8729172796875 0.93203125 0.8645827203125 0.93828125 0.85763970625 0.930859375 0.844444853125
0 0.909375 0.8770827203125 0.944921875 0.91388970625 0.9578125 0.91736029375 0.9625 0.9145827203125 0.918359375 0.8777775734375 0.909375 0.8770827203125
0 0.75546875 0.7604172796875 0.757421875 0.77638970625 0.7734375 0.78125 0.78125 0.774305146875 0.760546875 0.7583327203125 0.75546875 0.7604172796875
0 0.751953125 0.77638970625 0.7578125 0.7784724265625 0.769140625 0.775 0.7703125 0.76875 0.738671875 0.73888970625 0.73359375 0.7395827203125 0.73984375 0.7534724265625 0.741796875 0.768055146875 0.744921875 0.7597224265625 0.751953125 0.77638970625
0 0.855078125 0.8291672796875 0.821875 0.8090275734375 0.835546875 0.8277775734375 0.840234375 0.82638970625 0.85234375 0.836805146875 0.85546875 0.8354172796875 0.855078125 0.8291672796875
0 0.740625 0.7729172796875 0.73828125 0.78125 0.75 0.79375 0.760546875 0.78611029375 0.765234375 0.775 0.769140625 0.7791672796875 0.76953125 0.76875 0.737890625 0.744444853125 0.740625 0.7534724265625 0.7375 0.7604172796875 0.740625 0.7729172796875
0 0.76953125 0.7465275734375 0.766015625 0.73888970625 0.758203125 0.7347224265625 0.75078125 0.738194853125 0.751171875 0.74861029375 0.764453125 0.76111029375 0.76953125 0.7604172796875 0.76953125 0.7465275734375